01011010100000110101101010000011
01011010100000111010010101111101
01011010100000110101101010000011
10100101011111010101101010000011
01011010100000110101101010000011
10100101011111010101101010000011
01011010100000110101101010000011
01011010100000111010010101111101
10100101011111011010010101111101
01011010100000111010010101111101
10100101011111011010010101111101
01011010100000111010010101111101
01011010100000110101101010000011
01011010100000111010010101111101
01011010100000110101101010000011
10100101011111010101101010000011
01011010100000110101101010000011
01011010100000111010010101111101
01011010100000110101101010000011
01011010100000111010010101111101
10100101011111011010010101111101
10100101011111010101101010000011
01011010100000110101101010000011
01011010100000111010010101111101
01011010100000110101101010000011
01011010100000111010010101111101
01011010100000110101101010000011
01011010100000111010010101111101
01011010100000110101101010000011
10100101011111010101101010000011
01011010100000110101101010000011
01011010100000111010010101111101
01011010100000110101101010000011
01011010100000111010010101111101
01011010100000110101101010000011
10100101011111010101101010000011
10100101011111011010010101111101
01011010100000111010010101111101
01011010100000110101101010000011
10100101011111010101101010000011
01011010100000110101101010000011
10100101011111010101101010000011
10100101011111011010010101111101
01011010100000111010010101111101
10100101011111011010010101111101
01011010100000111010010101111101
10100101011111011010010101111101
01011010100000111010010101111101
01011010100000110101101010000011
10100101011111010101101010000011
01011010100000110101101010000011
10100101011111010101101010000011
01011010100000110101101010000011
01011010100000111010010101111101
10100101011111011010010101111101
10100101011111010101101010000011
10100101011111011010010101111101
01011010100000111010010101111101
01011010100000110101101010000011
01011010100000111010010101111101
01011010100000110101101010000011
01011010100000111010010101111101
01011010100000110101101010000011
01011010100000111010010101111101
